% 50 about 122 edges
% 122 50 50
1 6 6
1 13 0
1 22 6
1 23 6
1 41 6
2 30 7
2 33 0
2 34 1
2 47 7
3 6 1
3 26 8
3 28 4
3 32 3
3 40 2
3 46 1
4 6 8
4 10 1
4 12 9
4 20 0
5 14 4
5 15 7
5 17 3
5 24 2
5 26 0
6 31 0
6 34 7
6 46 1
6 48 6
6 49 2
7 24 6
7 33 3
7 43 4
8 19 6
8 38 7
8 50 9
9 15 0
9 28 4
9 39 0
10 15 5
11 15 2
12 20 9
12 24 7
12 26 9
12 28 1
12 29 9
12 30 2
13 19 1
13 24 0
13 32 8
13 48 1
13 50 6
14 29 9
14 31 7
15 24 1
16 18 9
16 32 9
16 38 8
16 45 6
16 50 2
17 22 1
17 30 3
17 41 4
19 27 1
19 40 2
19 47 1
20 28 5
20 31 7
20 39 6
20 43 7
20 47 0
20 48 9
20 50 5
21 25 4
23 27 1
23 31 6
23 34 3
24 29 5
24 46 2
25 31 0
25 44 0
25 50 1
26 27 5
26 34 1
26 39 5
28 33 4
28 34 5
28 42 4
30 41 9
31 36 8
33 41 7
33 49 1
35 37 3
35 46 5
36 41 6
36 44 8
36 46 7
37 40 7
37 43 3
37 50 3
38 46 0
39 45 3
39 48 5
40 41 3
40 47 2
41 47 8
41 49 3
45 46 7
47 48 9
