% 100 about 495 edges
% 495 100 100
1 4 3
1 13 5
1 23 1
1 37 3
1 46 9
1 60 1
1 67 3
1 77 6
1 84 0
1 87 6
1 91 9
1 94 4
1 96 2
2 5 6
2 6 0
2 13 3
2 20 3
2 41 4
2 56 1
2 71 1
2 87 8
2 91 2
3 9 1
3 10 8
3 17 6
3 18 0
3 19 0
3 29 4
3 38 1
3 41 4
3 59 5
3 64 1
3 72 3
3 75 8
3 80 5
3 81 7
3 89 5
3 93 3
4 5 4
4 6 4
4 9 7
4 18 4
4 19 0
4 26 7
4 33 2
4 35 8
4 36 3
4 37 4
4 47 7
4 61 9
4 72 3
4 98 2
5 10 1
5 11 4
5 12 6
5 18 9
5 19 2
5 22 6
5 31 5
5 37 7
5 44 3
5 52 7
5 74 7
5 79 6
5 82 6
5 94 1
6 18 0
6 34 5
6 39 2
6 47 1
6 51 7
6 56 0
6 65 8
6 76 8
6 90 5
7 21 5
7 32 7
7 37 2
7 42 8
7 57 2
7 66 1
7 87 3
7 94 2
7 96 6
8 25 4
8 27 4
8 36 2
8 38 4
8 46 6
8 54 7
8 61 7
8 62 0
8 69 0
8 74 8
8 88 5
8 92 4
8 95 6
9 14 8
9 15 7
9 19 2
9 28 1
9 41 0
9 43 9
9 46 3
9 53 3
9 57 2
9 73 4
9 86 4
9 90 2
9 94 1
9 95 2
10 30 8
10 32 3
10 70 3
10 96 3
11 13 6
11 18 7
11 25 1
11 37 9
11 38 0
11 57 6
11 67 4
11 78 6
11 79 5
11 98 0
11 99 9
12 27 5
12 56 6
12 60 4
12 71 2
12 72 0
12 93 2
13 14 7
13 17 6
13 18 0
13 20 3
13 21 2
13 24 1
13 28 3
13 46 5
13 58 5
13 66 9
13 91 0
13 94 7
14 18 3
14 23 3
14 49 6
14 65 6
14 66 7
14 67 3
14 80 6
14 97 1
14 98 9
14 99 8
15 17 8
15 34 6
15 35 0
15 46 2
15 52 4
15 61 2
15 72 4
15 77 2
15 89 1
15 90 5
15 95 6
15 97 6
16 21 0
16 44 8
16 49 7
16 59 0
16 60 2
16 100 3
17 24 8
17 32 2
17 45 4
17 50 2
17 65 9
17 74 1
17 87 4
18 22 6
18 35 1
18 36 6
18 37 2
18 43 5
18 54 5
18 60 8
18 75 9
18 96 9
19 33 5
19 36 8
19 42 8
20 41 0
20 47 5
20 50 8
20 53 8
20 64 9
20 83 0
20 90 7
21 44 4
21 45 8
21 84 0
21 85 7
21 88 8
21 92 5
22 25 5
22 28 5
22 34 6
22 40 7
22 49 0
22 70 6
22 83 3
22 96 6
22 100 7
23 35 8
23 41 8
23 45 2
23 50 5
23 51 6
23 61 3
23 65 6
23 66 7
23 71 3
23 77 1
23 78 9
23 79 4
23 88 8
23 96 2
24 31 9
24 33 4
24 42 5
24 44 3
24 50 7
24 68 2
24 72 1
24 75 3
24 97 4
25 49 4
25 52 8
25 53 9
25 54 9
25 68 9
25 98 5
25 100 9
26 49 0
26 55 2
26 59 4
26 70 9
26 77 9
26 79 9
26 90 4
26 94 6
27 41 3
27 63 0
27 79 4
27 98 0
28 32 2
28 36 7
28 38 7
28 70 1
28 71 7
28 72 9
28 79 9
28 82 8
28 85 6
29 32 8
29 38 5
29 39 5
29 40 0
29 50 1
29 57 8
29 60 3
29 87 2
29 96 4
30 37 9
30 45 0
30 48 4
30 49 3
30 68 9
30 77 5
30 79 0
30 81 0
30 89 3
30 98 0
31 55 0
31 56 4
31 60 5
31 61 3
31 69 9
31 74 4
31 76 2
31 96 5
32 73 5
32 76 2
32 86 7
33 37 3
33 48 0
33 50 2
33 65 0
33 67 8
33 99 6
33 100 3
34 52 0
34 53 3
34 67 2
34 68 2
34 75 3
35 49 4
35 53 3
35 61 2
35 82 6
35 93 3
35 99 6
35 100 7
36 42 5
36 43 5
36 48 4
36 56 2
36 58 1
36 73 4
36 88 3
37 39 0
37 51 0
37 71 4
37 80 0
37 84 2
37 89 5
37 91 5
37 92 0
37 95 0
37 100 2
38 40 7
38 41 0
38 45 8
38 60 4
39 44 7
39 45 8
39 49 5
39 60 5
39 63 2
39 64 7
39 83 6
39 84 4
39 96 8
39 97 1
39 99 3
40 44 6
40 63 0
40 68 6
40 70 7
40 73 2
40 78 2
41 53 5
41 56 1
41 62 5
41 68 0
41 99 0
42 47 1
42 52 8
42 88 7
43 56 4
43 79 8
43 93 2
43 96 3
43 98 5
44 49 5
44 70 5
44 81 4
44 92 0
44 97 8
45 59 4
45 66 1
45 67 3
45 72 5
45 76 9
46 55 8
46 64 8
46 83 4
46 84 3
46 95 4
47 67 2
47 70 3
47 89 9
47 90 0
47 91 6
47 95 0
48 80 1
48 81 4
49 68 1
49 74 2
49 88 5
49 95 2
49 96 1
49 99 7
50 53 1
50 54 7
50 60 0
50 70 4
50 71 9
50 75 7
50 84 6
50 90 8
50 99 8
50 100 3
51 65 0
51 75 0
51 82 5
52 56 3
52 68 7
53 60 2
53 67 4
53 90 1
53 96 2
53 99 8
54 69 2
54 73 3
54 81 4
55 58 8
55 60 6
55 79 0
55 84 6
55 100 6
56 63 1
56 82 0
56 83 3
56 94 2
56 99 1
57 79 3
57 99 0
58 69 9
58 96 8
59 67 0
59 71 0
59 76 2
59 85 3
59 91 5
60 73 5
60 94 8
61 66 5
61 84 0
61 85 0
61 88 4
61 95 4
61 97 3
62 68 9
62 76 8
62 95 4
63 72 7
63 83 1
63 99 4
64 72 9
64 92 8
64 100 9
65 70 5
65 71 4
65 73 5
65 99 2
66 71 2
66 91 4
66 96 7
66 100 4
67 71 0
67 72 4
67 80 7
67 96 5
68 69 5
68 75 2
68 76 3
68 79 7
68 86 1
68 88 4
69 82 2
69 86 3
69 95 4
70 81 3
70 83 3
70 84 5
70 85 6
70 95 5
70 96 9
71 83 1
71 98 5
72 83 7
72 88 6
73 93 7
73 95 0
74 76 8
74 94 5
75 76 3
75 82 9
75 83 2
75 85 3
75 93 2
75 99 3
76 78 0
77 85 5
77 92 9
78 83 1
78 88 6
78 92 8
79 86 1
79 87 6
80 93 9
80 95 3
81 82 2
81 87 1
82 85 1
82 89 5
84 97 5
85 92 3
85 94 7
86 94 4
86 97 2
87 88 3
87 90 6
87 100 1
89 97 7
89 100 6
92 93 1
95 98 5
95 99 9
